13502460
1 100 1 1 690 1 1 1 0 0 0 100 1000 10000
13502460
2 100 1 1 272 1 1 1 0 0 0 100 1000 10000
13502460
3 100 1 1 582 1 1 1 0 0 0 100 1000 10000
13502460
4 100 1 1 200 1 1 1 0 0 0 100 1000 10000
13502460
5 100 1 1 803 1 1 1 0 0 0 100 1000 10000
13502460
6 100 1 1 200 1 1 1 0 0 0 100 1000 10000
13502460
7 100 1 1 411 1 1 1 0 0 0 100 1000 10000
13502460
8 100 1 1 820 1 1 1 0 0 0 100 1000 10000
13502460
9 100 1 1 822 1 1 1 0 0 0 100 1000 10000
13502460
10 100 1 1 200 1 1 1 0 0 0 100 1000 10000
13502460
11 120 1 1 987 1 1 1 0 0 0 100 1000 10000
13502460
12 120 1 1 544 1 1 1 0 0 0 100 1000 10000
13502460
13 120 1 1 375 1 1 1 0 0 0 100 1000 10000
13502460
14 120 1 1 261 1 1 1 0 0 0 100 1000 10000
13502460
15 120 1 1 240 1 1 1 0 0 0 100 1000 10000
13502460
16 120 1 1 552 1 1 1 0 0 0 100 1000 10000
13502460
17 120 1 1 538 1 1 1 0 0 0 100 1000 10000
13502460
18 120 1 1 240 1 1 1 0 0 0 100 1000 10000
13502460
19 120 1 1 631 1 1 1 0 0 0 100 1000 10000
13502460
20 120 1 1 647 1 1 1 0 0 0 100 1000 10000
13502460
21 140 1 1 987 1 1 1 0 0 0 100 1000 10000
13502460
22 140 1 1 316 1 1 1 0 0 0 100 1000 10000
13502460
23 140 1 1 1287 1 1 1 0 0 0 100 1000 10000
13502460
24 140 1 1 867 1 1 1 0 0 0 100 1000 10000
13502460
25 140 1 1 280 1 1 1 0 0 0 100 1000 10000
13502460
26 140 1 1 386 1 1 1 0 0 0 100 1000 10000
13502460
27 140 1 1 851 1 1 1 0 0 0 100 1000 10000
13502460
28 140 1 1 1249 1 1 1 0 0 0 100 1000 10000
13502460
29 140 1 1 280 1 1 1 0 0 0 100 1000 10000
13502460
30 140 1 1 280 1 1 1 0 0 0 100 1000 10000
13502460
31 160 1 1 1504 1 1 1 0 0 0 100 1000 10000
13502460
32 160 1 1 320 1 1 1 0 0 0 100 1000 10000
13502460
33 160 1 1 1493 1 1 1 0 0 0 100 1000 10000
13502460
34 160 1 1 1441 1 1 1 0 0 0 100 1000 10000
13502460
35 160 1 1 1521 1 1 1 0 0 0 100 1000 10000
13502460
36 160 1 1 1117 1 1 1 0 0 0 100 1000 10000
13502460
37 160 1 1 1139 1 1 1 0 0 0 100 1000 10000
13502460
38 160 1 1 320 1 1 1 0 0 0 100 1000 10000
13502460
39 160 1 1 1391 1 1 1 0 0 0 100 1000 10000
13502460
40 160 1 1 888 1 1 1 0 0 0 100 1000 10000
13502460
41 180 1 1 1347 1 1 1 0 0 0 100 1000 10000
13502460
42 180 1 1 860 1 1 1 0 0 0 100 1000 10000
13502460
43 180 1 1 875 1 1 1 0 0 0 100 1000 10000
13502460
44 180 1 1 1266 1 1 1 0 0 0 100 1000 10000
13502460
45 180 1 1 360 1 1 1 0 0 0 100 1000 10000
13502460
46 180 1 1 1618 1 1 1 0 0 0 100 1000 10000
13502460
47 180 1 1 757 1 1 1 0 0 0 100 1000 10000
13502460
48 180 1 1 1687 1 1 1 0 0 0 100 1000 10000
13502460
49 180 1 1 360 1 1 1 0 0 0 100 1000 10000
13502460
50 180 1 1 1284 1 1 1 0 0 0 100 1000 10000
13502460
51 200 1 1 1449 1 1 1 0 0 0 100 1000 10000
13502460
52 200 1 1 1974 1 1 1 0 0 0 100 1000 10000
13502460
53 200 1 1 1219 1 1 1 0 0 0 100 1000 10000
13502460
54 200 1 1 689 1 1 1 0 0 0 100 1000 10000
13502460
55 200 1 1 1596 1 1 1 0 0 0 100 1000 10000
13502460
56 200 1 1 1667 1 1 1 0 0 0 100 1000 10000
13502460
57 200 1 1 1914 1 1 1 0 0 0 100 1000 10000
13502460
58 200 1 1 1525 1 1 1 0 0 0 100 1000 10000
13502460
59 200 1 1 1422 1 1 1 0 0 0 100 1000 10000
13502460
60 200 1 1 653 1 1 1 0 0 0 100 1000 10000
13502460
61 220 1 1 1127 1 1 1 0 0 0 100 1000 10000
13502460
62 220 1 1 440 1 1 1 0 0 0 100 1000 10000
13502460
63 220 1 1 1106 1 1 1 0 0 0 100 1000 10000
13502460
64 220 1 1 440 1 1 1 0 0 0 100 1000 10000
13502460
65 220 1 1 1434 1 1 1 0 0 0 100 1000 10000
13502460
66 220 1 1 1856 1 1 1 0 0 0 100 1000 10000
13502460
67 220 1 1 440 1 1 1 0 0 0 100 1000 10000
13502460
68 220 1 1 613 1 1 1 0 0 0 100 1000 10000
13502460
69 220 1 1 2152 1 1 1 0 0 0 100 1000 10000
13502460
70 220 1 1 857 1 1 1 0 0 0 100 1000 10000
13502460
71 240 1 1 2353 1 1 1 0 0 0 100 1000 10000
13502460
72 240 1 1 501 1 1 1 0 0 0 100 1000 10000
13502460
73 240 1 1 1831 1 1 1 0 0 0 100 1000 10000
13502460
74 240 1 1 1090 1 1 1 0 0 0 100 1000 10000
13502460
75 240 1 1 1680 1 1 1 0 0 0 100 1000 10000
13502460
76 240 1 1 1796 1 1 1 0 0 0 100 1000 10000
13502460
77 240 1 1 1491 1 1 1 0 0 0 100 1000 10000
13502460
78 240 1 1 2178 1 1 1 0 0 0 100 1000 10000
13502460
79 240 1 1 1114 1 1 1 0 0 0 100 1000 10000
13502460
80 240 1 1 480 1 1 1 0 0 0 100 1000 10000
13502460
81 260 1 1 2553 1 1 1 0 0 0 100 1000 10000
13502460
82 260 1 1 1384 1 1 1 0 0 0 100 1000 10000
13502460
83 260 1 1 1246 1 1 1 0 0 0 100 1000 10000
13502460
84 260 1 1 2046 1 1 1 0 0 0 100 1000 10000
13502460
85 260 1 1 520 1 1 1 0 0 0 100 1000 10000
13502460
86 260 1 1 1048 1 1 1 0 0 0 100 1000 10000
13502460
87 260 1 1 520 1 1 1 0 0 0 100 1000 10000
13502460
88 260 1 1 2355 1 1 1 0 0 0 100 1000 10000
13502460
89 260 1 1 2365 1 1 1 0 0 0 100 1000 10000
13502460
90 260 1 1 520 1 1 1 0 0 0 100 1000 10000
13502460
91 280 1 1 678 1 1 1 0 0 0 100 1000 10000
13502460
92 280 1 1 2638 1 1 1 0 0 0 100 1000 10000
13502460
93 280 1 1 1261 1 1 1 0 0 0 100 1000 10000
13502460
94 280 1 1 2028 1 1 1 0 0 0 100 1000 10000
13502460
95 280 1 1 947 1 1 1 0 0 0 100 1000 10000
13502460
96 280 1 1 2621 1 1 1 0 0 0 100 1000 10000
13502460
97 280 1 1 1217 1 1 1 0 0 0 100 1000 10000
13502460
98 280 1 1 1658 1 1 1 0 0 0 100 1000 10000
13502460
99 280 1 1 2084 1 1 1 0 0 0 100 1000 10000
13502460
100 280 1 1 1242 1 1 1 0 0 0 100 1000 10000
13502460
101 300 1 1 1476 1 1 1 0 0 0 100 1000 10000
13502460
102 300 1 1 600 1 1 1 0 0 0 100 1000 10000
13502460
103 300 1 1 2897 1 1 1 0 0 0 100 1000 10000
13502460
104 300 1 1 1430 1 1 1 0 0 0 100 1000 10000
13502460
105 300 1 1 1636 1 1 1 0 0 0 100 1000 10000
13502460
106 300 1 1 1468 1 1 1 0 0 0 100 1000 10000
13502460
107 300 1 1 1116 1 1 1 0 0 0 100 1000 10000
13502460
108 300 1 1 836 1 1 1 0 0 0 100 1000 10000
13502460
109 300 1 1 600 1 1 1 0 0 0 100 1000 10000
13502460
110 300 1 1 600 1 1 1 0 0 0 100 1000 10000
13502460
111 320 1 1 640 1 1 1 0 0 0 100 1000 10000
13502460
112 320 1 1 1551 1 1 1 0 0 0 100 1000 10000
13502460
113 320 1 1 881 1 1 1 0 0 0 100 1000 10000
13502460
114 320 1 1 640 1 1 1 0 0 0 100 1000 10000
13502460
115 320 1 1 2043 1 1 1 0 0 0 100 1000 10000
13502460
116 320 1 1 1773 1 1 1 0 0 0 100 1000 10000
13502460
117 320 1 1 3086 1 1 1 0 0 0 100 1000 10000
13502460
118 320 1 1 640 1 1 1 0 0 0 100 1000 10000
13502460
119 320 1 1 1901 1 1 1 0 0 0 100 1000 10000
13502460
120 320 1 1 1708 1 1 1 0 0 0 100 1000 10000
13502460
121 340 1 1 1022 1 1 1 0 0 0 100 1000 10000
13502460
122 340 1 1 786 1 1 1 0 0 0 100 1000 10000
13502460
123 340 1 1 3354 1 1 1 0 0 0 100 1000 10000
13502460
124 340 1 1 1552 1 1 1 0 0 0 100 1000 10000
13502460
125 340 1 1 711 1 1 1 0 0 0 100 1000 10000
13502460
126 340 1 1 951 1 1 1 0 0 0 100 1000 10000
13502460
127 340 1 1 2070 1 1 1 0 0 0 100 1000 10000
13502460
128 340 1 1 1222 1 1 1 0 0 0 100 1000 10000
13502460
129 340 1 1 1926 1 1 1 0 0 0 100 1000 10000
13502460
130 340 1 1 693 1 1 1 0 0 0 100 1000 10000
13502460
131 360 1 1 2402 1 1 1 0 0 0 100 1000 10000
13502460
132 360 1 1 2583 1 1 1 0 0 0 100 1000 10000
13502460
133 360 1 1 1216 1 1 1 0 0 0 100 1000 10000
13502460
134 360 1 1 2806 1 1 1 0 0 0 100 1000 10000
13502460
135 360 1 1 720 1 1 1 0 0 0 100 1000 10000
13502460
136 360 1 1 2699 1 1 1 0 0 0 100 1000 10000
13502460
137 360 1 1 2323 1 1 1 0 0 0 100 1000 10000
13502460
138 360 1 1 2394 1 1 1 0 0 0 100 1000 10000
13502460
139 360 1 1 1677 1 1 1 0 0 0 100 1000 10000
13502460
140 360 1 1 1101 1 1 1 0 0 0 100 1000 10000
13502460
141 380 1 1 3799 1 1 1 0 0 0 100 1000 10000
13502460
142 380 1 1 1014 1 1 1 0 0 0 100 1000 10000
13502460
143 380 1 1 3501 1 1 1 0 0 0 100 1000 10000
13502460
144 380 1 1 3515 1 1 1 0 0 0 100 1000 10000
13502460
145 380 1 1 760 1 1 1 0 0 0 100 1000 10000
13502460
146 380 1 1 898 1 1 1 0 0 0 100 1000 10000
13502460
147 380 1 1 3210 1 1 1 0 0 0 100 1000 10000
13502460
148 380 1 1 3553 1 1 1 0 0 0 100 1000 10000
13502460
149 380 1 1 1208 1 1 1 0 0 0 100 1000 10000
13502460
150 380 1 1 2957 1 1 1 0 0 0 100 1000 10000
13502460
151 400 1 1 2424 1 1 1 0 0 0 100 1000 10000
13502460
152 400 1 1 2831 1 1 1 0 0 0 100 1000 10000
13502460
153 400 1 1 800 1 1 1 0 0 0 100 1000 10000
13502460
154 400 1 1 1569 1 1 1 0 0 0 100 1000 10000
13502460
155 400 1 1 1360 1 1 1 0 0 0 100 1000 10000
13502460
156 400 1 1 910 1 1 1 0 0 0 100 1000 10000
13502460
157 400 1 1 800 1 1 1 0 0 0 100 1000 10000
13502460
158 400 1 1 1697 1 1 1 0 0 0 100 1000 10000
13502460
159 400 1 1 3355 1 1 1 0 0 0 100 1000 10000
13502460
160 400 1 1 2223 1 1 1 0 0 0 100 1000 10000
13502460
161 420 1 1 1350 1 1 1 0 0 0 100 1000 10000
13502460
162 420 1 1 1561 1 1 1 0 0 0 100 1000 10000
13502460
163 420 1 1 1936 1 1 1 0 0 0 100 1000 10000
13502460
164 420 1 1 4153 1 1 1 0 0 0 100 1000 10000
13502460
165 420 1 1 3813 1 1 1 0 0 0 100 1000 10000
13502460
166 420 1 1 1876 1 1 1 0 0 0 100 1000 10000
13502460
167 420 1 1 3627 1 1 1 0 0 0 100 1000 10000
13502460
168 420 1 1 840 1 1 1 0 0 0 100 1000 10000
13502460
169 420 1 1 2897 1 1 1 0 0 0 100 1000 10000
13502460
170 420 1 1 1316 1 1 1 0 0 0 100 1000 10000
13502460
171 440 1 1 2734 1 1 1 0 0 0 100 1000 10000
13502460
172 440 1 1 2303 1 1 1 0 0 0 100 1000 10000
13502460
173 440 1 1 2472 1 1 1 0 0 0 100 1000 10000
13502460
174 440 1 1 880 1 1 1 0 0 0 100 1000 10000
13502460
175 440 1 1 3027 1 1 1 0 0 0 100 1000 10000
13502460
176 440 1 1 1819 1 1 1 0 0 0 100 1000 10000
13502460
177 440 1 1 3526 1 1 1 0 0 0 100 1000 10000
13502460
178 440 1 1 2626 1 1 1 0 0 0 100 1000 10000
13502460
179 440 1 1 1890 1 1 1 0 0 0 100 1000 10000
13502460
180 440 1 1 880 1 1 1 0 0 0 100 1000 10000
13502460
181 460 1 1 1822 1 1 1 0 0 0 100 1000 10000
13502460
182 460 1 1 4027 1 1 1 0 0 0 100 1000 10000
13502460
183 460 1 1 1357 1 1 1 0 0 0 100 1000 10000
13502460
184 460 1 1 1251 1 1 1 0 0 0 100 1000 10000
13502460
185 460 1 1 920 1 1 1 0 0 0 100 1000 10000
13502460
186 460 1 1 920 1 1 1 0 0 0 100 1000 10000
13502460
187 460 1 1 2428 1 1 1 0 0 0 100 1000 10000
13502460
188 460 1 1 1185 1 1 1 0 0 0 100 1000 10000
13502460
189 460 1 1 2296 1 1 1 0 0 0 100 1000 10000
13502460
190 460 1 1 920 1 1 1 0 0 0 100 1000 10000
13502460
191 480 1 1 2469 1 1 1 0 0 0 100 1000 10000
13502460
192 480 1 1 3398 1 1 1 0 0 0 100 1000 10000
13502460
193 480 1 1 1967 1 1 1 0 0 0 100 1000 10000
13502460
194 480 1 1 4525 1 1 1 0 0 0 100 1000 10000
13502460
195 480 1 1 960 1 1 1 0 0 0 100 1000 10000
13502460
196 480 1 1 1842 1 1 1 0 0 0 100 1000 10000
13502460
197 480 1 1 960 1 1 1 0 0 0 100 1000 10000
13502460
198 480 1 1 960 1 1 1 0 0 0 100 1000 10000
13502460
199 480 1 1 4500 1 1 1 0 0 0 100 1000 10000
13502460
200 480 1 1 1777 1 1 1 0 0 0 100 1000 10000
13502460
201 500 1 1 1366 1 1 1 0 0 0 100 1000 10000
13502460
202 500 1 1 1000 1 1 1 0 0 0 100 1000 10000
13502460
203 500 1 1 2801 1 1 1 0 0 0 100 1000 10000
13502460
204 500 1 1 2505 1 1 1 0 0 0 100 1000 10000
13502460
205 500 1 1 4005 1 1 1 0 0 0 100 1000 10000
13502460
206 500 1 1 3078 1 1 1 0 0 0 100 1000 10000
13502460
207 500 1 1 1934 1 1 1 0 0 0 100 1000 10000
13502460
208 500 1 1 2709 1 1 1 0 0 0 100 1000 10000
13502460
209 500 1 1 1000 1 1 1 0 0 0 100 1000 10000
13502460
210 500 1 1 1724 1 1 1 0 0 0 100 1000 10000
